PCList
HS-CHEL-0421
HS-CHEL-29D0
HS-CHEL-FF33
HSETHICS185A
HS-ETHICS-1CE0
HSETHICS2151
HSETHICS5A67
HSETHICS810B
HSETHICSB2C9
HSETHICSC38F
HSETHICSC989
HSETHICSDBA1
